 SEAS  YR   TOTAL   ANOM
  DJF 2010  28.14   1.50
  JFM 2010  28.09   1.22
  FMA 2010  28.14   0.84
  MAM 2010  28.04   0.35
  AMJ 2010  27.66  -0.17
  MJJ 2010  27.00  -0.66
  JJA 2010  26.25  -1.05
  JAS 2010  25.61  -1.35
  ASO 2010  25.21  -1.56
  SON 2010  25.07  -1.64
  OND 2010  25.03  -1.64
  NDJ 2010  25.02  -1.54
  DJF 2011  25.22  -1.31
  JFM 2011  25.68  -1.04
  FMA 2011  26.37  -0.80
  MAM 2011  26.95  -0.62
  AMJ 2011  27.28  -0.46
  MJJ 2011  27.21  -0.37
  JJA 2011  26.81  -0.43
  JAS 2011  26.33  -0.58
  ASO 2011  25.93  -0.79
  SON 2011  25.70  -0.96
  OND 2011  25.58  -1.02
  NDJ 2011  25.58  -0.92
  DJF 2012  25.77  -0.72
  JFM 2012  26.15  -0.57
  FMA 2012  26.71  -0.46
  MAM 2012  27.21  -0.36
  AMJ 2012  27.57  -0.17
  MJJ 2012  27.64   0.06
  JJA 2012  27.54   0.30
  JAS 2012  27.32   0.41
  ASO 2012  27.13   0.41
  SON 2012  26.98   0.31
  OND 2012  26.73   0.13
  NDJ 2012  26.41  -0.10
  DJF 2013  26.21  -0.29
  JFM 2013  26.44  -0.29
  FMA 2013  26.96  -0.21
  MAM 2013  27.38  -0.19
  AMJ 2013  27.47  -0.27
  MJJ 2013  27.24  -0.34
  JJA 2013  26.89  -0.35
  JAS 2013  26.64  -0.28
  ASO 2013  26.51  -0.21
  SON 2013  26.54  -0.13
  OND 2013  26.50  -0.10
  NDJ 2013  26.35  -0.15
  DJF 2014  26.22  -0.28
  JFM 2014  26.41  -0.32
  FMA 2014  27.03  -0.14
  MAM 2014  27.73   0.15
  AMJ 2014  28.04   0.31
  MJJ 2014  27.82   0.23
  JJA 2014  27.34   0.10
  JAS 2014  27.02   0.11
  ASO 2014  27.00   0.28
  SON 2014  27.21   0.54
  OND 2014  27.31   0.71
  NDJ 2014  27.28   0.77
  DJF 2015  27.19   0.69
  JFM 2015  27.34   0.61
  FMA 2015  27.82   0.65
  MAM 2015  28.38   0.81
  AMJ 2015  28.76   1.02
  MJJ 2015  28.83   1.25
  JJA 2015  28.81   1.57
  JAS 2015  28.82   1.91
  ASO 2015  28.93   2.21
  SON 2015  29.14   2.47
  OND 2015  29.25   2.64
  NDJ 2015  29.26   2.75
  DJF 2016  29.12   2.63
  JFM 2016  29.01   2.28
  FMA 2016  28.88   1.71
  MAM 2016  28.62   1.05
  AMJ 2016  28.22   0.49
  MJJ 2016  27.59   0.00
  JJA 2016  26.93  -0.31
  JAS 2016  26.42  -0.50
  ASO 2016  26.14  -0.58
  SON 2016  26.02  -0.64
  OND 2016  26.01  -0.60
  NDJ 2016  26.06  -0.45
  DJF 2017  26.30  -0.19
  JFM 2017  26.71  -0.02
  FMA 2017  27.35   0.18
  MAM 2017  27.89   0.31
  AMJ 2017  28.13   0.40
  MJJ 2017  27.97   0.39
  JJA 2017  27.43   0.19
  JAS 2017  26.84  -0.07
  ASO 2017  26.38  -0.34
  SON 2017  26.06  -0.60
  OND 2017  25.84  -0.77
  NDJ 2017  25.64  -0.86
  DJF 2018  25.72  -0.77
  JFM 2018  26.02  -0.71
  FMA 2018  26.60  -0.57
  MAM 2018  27.18  -0.39
  AMJ 2018  27.61  -0.13
  MJJ 2018  27.64   0.06
  JJA 2018  27.38   0.14
  JAS 2018  27.18   0.27
  ASO 2018  27.25   0.53
  SON 2018  27.47   0.81
  OND 2018  27.57   0.97
  NDJ 2018  27.43   0.92
  DJF 2019  27.39   0.89
  JFM 2019  27.59   0.86
  FMA 2019  28.01   0.84
  MAM 2019  28.34   0.77
  AMJ 2019  28.37   0.64
  MJJ 2019  28.10   0.52
  JJA 2019  27.57   0.33
  JAS 2019  27.10   0.19
  ASO 2019  26.95   0.23
  SON 2019  27.06   0.39
  OND 2019  27.18   0.58
  NDJ 2019  27.17   0.66
  DJF 2020  27.14   0.64
  JFM 2020  27.35   0.63
  FMA 2020  27.70   0.53
  MAM 2020  27.87   0.30
  AMJ 2020  27.75   0.01
  MJJ 2020  27.35  -0.23
  JJA 2020  26.88  -0.36
  JAS 2020  26.38  -0.53
  ASO 2020  25.87  -0.85
  SON 2020  25.54  -1.12
  OND 2020  25.40  -1.20
  NDJ 2020  25.43  -1.08
  DJF 2021  25.59  -0.91
  JFM 2021  25.94  -0.79
  FMA 2021  26.46  -0.71
  MAM 2021  27.03  -0.55
  AMJ 2021  27.35  -0.39
  MJJ 2021  27.28  -0.30
  JJA 2021  26.89  -0.35
  JAS 2021  26.46  -0.45
  ASO 2021  26.09  -0.63
  SON 2021  25.90  -0.76
  OND 2021  25.69  -0.91
  NDJ 2021  25.63  -0.87
  DJF 2022  25.67  -0.82
  JFM 2022  25.94  -0.79
  FMA 2022  26.31  -0.86
  MAM 2022  26.62  -0.95
  AMJ 2022  26.84  -0.90
  MJJ 2022  26.80  -0.78
  JJA 2022  26.48  -0.76
  JAS 2022  26.04  -0.87
  ASO 2022  25.75  -0.97
  SON 2022  25.72  -0.94
  OND 2022  25.76  -0.85
  NDJ 2022  25.79  -0.71
  DJF 2023  25.96  -0.54
  JFM 2023  26.44  -0.29
  FMA 2023  27.15  -0.02
  MAM 2023  27.85   0.27
  AMJ 2023  28.31   0.57
  MJJ 2023  28.42   0.84
  JJA 2023  28.36   1.12
  JAS 2023  28.28   1.37
  ASO 2023  28.32   1.60
  SON 2023  28.49   1.83
  OND 2023  28.60   1.99
  NDJ 2023  28.57   2.06
  DJF 2024  28.42   1.92
  JFM 2024  28.35   1.62
  FMA 2024  28.43   1.26
  MAM 2024  28.39   0.82
  AMJ 2024  28.22   0.49
  MJJ 2024  27.80   0.22
  JJA 2024  27.33   0.08
  JAS 2024  26.85  -0.07
  ASO 2024  26.55  -0.17
  SON 2024  26.46  -0.21
  OND 2024  26.30  -0.30
  NDJ 2024  26.09  -0.42
  DJF 2025  26.05  -0.45
  JFM 2025  26.48  -0.24
  FMA 2025  27.11  -0.06
  MAM 2025  27.60   0.02
  AMJ 2025  27.72  -0.02
  MJJ 2025  27.54  -0.04
  JJA 2025  27.10  -0.14
  JAS 2025  26.63  -0.28
  ASO 2025  26.32  -0.40
  SON 2025  26.16  -0.51
  OND 2025  26.05  -0.55
  NDJ 2025  25.97  -0.54
  DJF 2026  26.13  -0.37
  JFM 2026  26.57  -0.16
